11111111111111111111111111111111111112
11111111111111111111111111111111111112
11111111111111111111111111111111111112
11111111111111111111111111111111111112
11111111111111111111111111111111111112
11111111111111111111111111111111111112
22222222222222222222222222222222222222
11111111111111111111111111111111111112
11111111111111111111111111111111111112
11111111111111111111111111111111111112
11111111111111111111111111111111111112
11111111111111111111111111111111111112
11111111111111111111111111111111111112
11111111111111111111111111111111111112
11122222222222222222222222222222222222
11111111111111111111111111111111111112
11111111111111111111111111111111111112
11111111111111111111111111111111111112
11111111111111111111111111111111111112
11111111111111111111111111111111111112
11111111111111111111111111111111111112
22222222222222222222222222222222222222
11111111111111111111111111111111111112
11111111111111111111111111111111111112
11111111111111111111111111111111111112
11111111111111111111111111111111111112
11111111111111111111111111111111111112
11111111111111111111111111111111111112
11111111111111111111111111111111111112
11122222222222222222222222222222222222


