2222222222222222222222111113333333333
2222222222222222222221111113333333333
2222222222222222222211111113333333333
2222222222222222222111111113333333333
2222222222222222221111111113333333333
2222222222222222211111111113333333333
2222222222222222222111111113333333333
2222222222222222222221111113333333333
3333333333333333332333333333333333333
3333333333333333332333333333333333333
3333333333333333332333333333333333333
3333333333333333332333333333333333333
2222222222222222222222222222222222222
3333333333333333333333333333333333333