211111111111111111111111111111111111
211111111111111111111111111111111111
211111111111111111111111111111111111
211111111111111111111111111111111111
211111111111111111111111111111111111
211111111111111111111111111111111111
211111111111113333111111111111111111
211111111111111111111111111111111111
222222222222222222222222222222222222
111111111111111111111111111111111111
111111111111111111111111111111111111
111111111111111111111111111111111111
111111111111111111111111111111111111
111111111111111111111111111111111111
111111111111111111111111111111111111

